13
sra_data-01  0.000000000 0.022816592 0.022831785 0.045574588 0.098972568 0.041346458 0.000224215 0.045195616 0.041097585 0.045067766 0.045546003 0.040282552 0.039996774 
sra_data-010 0.022816592 0.000000000 0.000124802 0.047350182 0.099473265 0.043344777 0.022814136 0.046371050 0.043146606 0.046318447 0.047264676 0.042501061 0.042199837 
sra_data-011 0.022831785 0.000124802 0.000000000 0.047528433 0.099380675 0.043514372 0.022826051 0.046566110 0.043397778 0.046480154 0.047406133 0.042562540 0.042268464 
sra_data-012 0.045574588 0.047350182 0.047528433 0.000000000 0.106598941 0.044117406 0.045559352 0.009736972 0.044008407 0.010310963 0.000326253 0.043299130 0.043215335 
sra_data-013 0.098972568 0.099473265 0.099380675 0.106598941 0.000000000 0.103667723 0.098175944 0.103923086 0.101459739 0.104806765 0.105243471 0.102798727 0.100487922 
sra_data-02  0.041346458 0.043344777 0.043514372 0.044117406 0.103667723 0.000000000 0.041619747 0.043588744 0.000901990 0.043847493 0.043992101 0.017510186 0.017505526 
sra_data-03  0.000224215 0.022814136 0.022826051 0.045559352 0.098175944 0.041619747 0.000000000 0.044945600 0.041343936 0.044813135 0.045556242 0.040549814 0.040282213 
sra_data-04  0.045195616 0.046371050 0.046566110 0.009736972 0.103923086 0.043588744 0.044945600 0.000000000 0.043404548 0.001043820 0.009777848 0.042883836 0.042765227 
sra_data-05  0.041097585 0.043146606 0.043397778 0.044008407 0.101459739 0.000901990 0.041343936 0.043404548 0.000000000 0.043825203 0.043891056 0.017292516 0.017299051 
sra_data-06  0.045067766 0.046318447 0.046480154 0.010310963 0.104806765 0.043847493 0.044813135 0.001043820 0.043825203 0.000000000 0.010384818 0.043088737 0.042892131 
sra_data-07  0.045546003 0.047264676 0.047406133 0.000326253 0.105243471 0.043992101 0.045556242 0.009777848 0.043891056 0.010384818 0.000000000 0.043157823 0.043153801 
sra_data-08  0.040282552 0.042501061 0.042562540 0.043299130 0.102798727 0.017510186 0.040549814 0.042883836 0.017292516 0.043088737 0.043157823 0.000000000 0.000580009 
sra_data-09  0.039996774 0.042199837 0.042268464 0.043215335 0.100487922 0.017505526 0.040282213 0.042765227 0.017299051 0.042892131 0.043153801 0.000580009 0.000000000 
